1111111011.0011001001
1111111110.1110011101
0000000010.0110110101
1111111011.1010000000
1111101010.1011011001
1111111100.1100000101
1111110010.0001100111
1111111111.1010110011
0000001010.0011001111
1111111101.0110001110
1111110110.0101100101
0000010011.1010100110
1111111001.0001111110
1111111010.0010100001
0000000011.0011000010
1111111011.0101110111
0000000111.0110010000
0000010110.0010001100
0000010101.0110011110
1111111000.0100010010
0000000011.0001110011
1111111101.1001110101
0000000111.0000010011
0000000011.1001001011
1111111100.1001100101
1111111000.0101011011
1111111110.1100100000
1111111011.0111111110
1111110100.1101110011
1111110111.0110100101
1111111000.0110111111
1111111001.1000101110
0000000000.1110011111
1111111011.1111101001
1111111011.0001010001
1111111011.1001100011
0000000101.0110011111
1111111101.1100000000
1111111000.0000011111
1111111111.0001101101
1111111100.1011111001
0000000101.1101101010
0000000010.1110001001
0000000110.0001010010
1111110111.0111110110
1111110010.1011101001
0000001111.0000000000
0000001001.0101100110
1111111110.1001001111
1111110100.0001110011
1111111010.1001011101
0000001001.0101001110
1111111100.1001000101
1111111110.0000111101
1111111100.0110101011
0000001111.0010010000
0000000101.0111110001
1111110100.0110110001
0000000010.1010100110
0000000111.0100111010
1111111001.1110111101
0000000000.1011011101
1111110001.1011111100
0000000110.0011101111
1111111011.0001000101
1111111010.1110110001
0000000010.0000101010
1111111100.1001011001
0000001001.0111110100
1111110110.0111100110
1111110001.1101011000
0000001011.0101001001
0000001010.0100111111
0000001000.1111100110
1111111111.1110010001
1111110110.1110001000
1111111110.0010010100
1111111110.1010010001
0000000111.1101010100
1111111000.0010011110
0000001111.0101101110
1111111100.0101101001
1111110110.0011110111
1111111110.1111110111
1111110101.1011101101
0000000011.0100100111
0000000111.0111111010
1111111100.0111100100
1111111101.0110000101
0000000110.0011011000
0000000011.0111100111
0000000110.1100100000
1111111111.0000101100
0000010010.0011000111
0000010010.0111110011
0000000101.1100100100
0000010111.1101011110
0000001100.1011000100
0000000010.0011010110
1111111011.0001011001
0000000001.0101111100
1111110110.1011001100
1111101110.1011101011
1111101111.1100101100
1111111001.1010010000
0000000100.1011111101
1111111000.0001100111
1111111101.1100011010
1111110000.0100000011
1111110011.0000000100
0000010010.1111100001
0000001010.0101010101
0000000110.0101001100
1111111000.1110111001
0000000100.1011110101
0000000101.0010101010
1111111100.0010100011
0000000000.0011110001
1111101101.1001101100
0000001000.1011010111
1111110010.1010101111
0000001011.1000101100
0000001011.1000111110
1111110011.0111101010
1111110100.0011000001
0000000110.0010110110
0000001000.0100010000
1111111001.1111000000
1111111000.0010000111
0000000010.1001010111
1111111101.1100100111
0000010011.1110000001
0000000001.1111011000
1111110101.1011000010
1111111111.0001100101
0000000111.0101110011
0000000111.0011101111
1111111101.0011110111
0000000110.0000011011
0000010110.0100100010
1111111000.0010001010
0000010110.0000011110
1111111001.1101111010
0000000010.0101100001
1111101101.1100010001
0000000101.1001110000
0000000000.0000010110
0000000000.0111000111
1111111110.0110110011
0000000110.0000001011
