0000000000.0101001101
0000000111.1000111100
0000001000.1100111110
0000000001.1111111101
0000000001.0010110110
0000001000.0001111110
0000000100.1110010001
0000001101.1100110011
0000010000.1111110101
0000001001.0010011010
0000001110.0010111111
0000011010.1011001010
0000010010.1111110110
0000001101.0011100100
0000011001.0111010100
0000010110.0111111100
0000011110.0010101101
0000100001.0101011110
0000100110.0111111001
0000101011.1011010010
0000011011.1001010001
0000011101.1010111111
0000100001.0001111101
0000100101.0110011010
0000101010.1010010110
0000100010.0101111011
0000101000.1101010110
0000101010.0010111010
0000100100.1111011101
0000101000.0110111011
0000101111.1011101011
0000101011.1100011110
0000110010.0111111001
0000110100.0110110101
0000101011.1001011011
0000110100.0101110111
0000111001.0011101111
0000110000.1010010011
0000111011.1001111100
0000110011.1001111001
0000111000.0110101010
0001000000.0011010101
0001000100.1100110100
0001001100.0011010010
0000111010.1101111001
0000110111.1001001011
0001001001.0010101110
0001001110.1110101011
0001000110.1110011110
0001001101.1011101010
0001000110.1111101111
0001010101.0011100100
0001010011.1111101011
0001010100.1001011001
0001001101.1100111001
0001010111.0101010101
0001010110.1001001111
0001010011.1001011011
0001100011.0101111001
0001100100.0010100101
0001011010.0111010111
0001011110.1011010100
0001011000.0111010101
0001100000.0010110010
0001011111.0010111010
0001101010.1100011110
0001101000.1010001101
0001011000.0011001101
0001100111.1110111110
0001100100.1001011101
0001100100.1011100011
0001100000.0110010010
0001110010.1111010010
0001101001.0101010111
0001110111.0001110111
0001101101.0110001101
0001110000.1011010110
0001110101.0010011111
0001110000.1010101111
0001110010.1010111001
0001111010.0110011001
0001110101.1010110110
0010000000.1100110010
0001111111.0110111101
0001111010.1111010111
0001111111.1101001111
0010000011.0101111111
0010000000.0111011110
0010000101.0001101110
0010001110.1011011010
0010000111.0100101111
0010001101.0111110110
0010010000.1001011101
0010010111.0111101101
0010010011.1011100110
0010001001.1110101001
0010011100.1001001111
0010011011.1101110111
0010001111.0110101001
0010001111.0101101111
0010011011.0011010010
0010001100.0101111111
0010010111.0001110110
0010010001.1011001101
0010010110.0111110101
0010011100.0101001010
0010011100.0010101101
0010011101.0001111011
0010011001.1011110101
0010011100.1111101111
0010101111.1111010011
0010101001.0111001001
0010100110.1100111101
0010100101.1010101011
0010101110.1010110111
0010101110.0101011011
0010101101.0110100110
0010110001.0101101010
0010100111.1101101011
0010110011.1110001100
0010110101.1111100011
0010110010.1101011010
0010111101.1000111100
0010101101.1101110111
0010111001.1001111011
0010110011.1111011111
0011000000.1110101101
0010110111.1111011111
0010111101.1111111111
0010111101.0101111011
0010111010.1110011010
0011001110.1010001101
0011000001.1011110101
0011000110.0010010011
0011001101.0110011010
0011001111.0110011101
0011010010.0011001011
0011001011.0111010101
0011010001.1011100110
0011011110.1111111000
0011001001.1111010100
0011011100.1110001101
0011010011.1100101011
0011001100.0110101001
0011001111.1011110110
0011011110.1101101110
0011011111.0010011010
0011011101.0101111110
0011011011.0010100111
0011011110.0100111110
